Route #1: 92 195 31 52 74 55 81 33 66 
Route #2: 48 124 43 180 136 3 110 44 95 116 83 148 
Route #3: 84 199 127 118 105 69 113 176 144 71 121 174 
Route #4: 182 57 133 147 40 16 98 119 161 72 
Route #5: 54 155 65 112 114 86 107 158 154 
Route #6: 4 45 108 38 32 23 117 129 41 194 
Route #7: 163 28 6 49 14 132 78 171 130 187 150 
Route #8: 142 152 169 89 87 17 30 64 67 
Route #9: 165 85 56 53 160 189 109 101 192 50 157 
Route #10: 100 9 12 59 143 173 188 29 139 21 166 82 
Route #11: 153 47 200 103 90 79 73 93 193 19 146 
Route #12: 131 156 167 61 111 198 91 145 178 36 
Route #13: 24 102 196 183 184 27 22 106 70 
Route #14: 140 88 191 58 134 137 123 13 8 60 1 97 
Route #15: 172 197 5 62 26 159 20 46 138 96 120 39 
Route #16: 15 179 7 68 18 190 51 80 126 
Route #17: 37 177 128 168 99 94 151 125 115 11 75 
Route #18: 42 181 35 164 104 25 10 77 122 141 185 
Route #19: 162 63 149 170 186 135 34 76 2 175 
Objective: 1400605.9
