Route #1: 155 44 68 66 130 79 156 172 91 
Route #2: 132 63 18 14 69 134 103 101 154 
Route #3: 87 161 92 48 113 31 185 169 53 42 
Route #4: 1 51 26 21 126 148 197 
Route #5: 81 120 143 176 165 124 181 192 200 
Route #6: 149 115 16 162 76 17 40 128 59 
Route #7: 145 35 152 99 118 88 183 52 24 
Route #8: 196 13 20 163 100 136 58 29 96 174 97 
Route #9: 4 188 15 54 89 125 114 39 37 164 65 43 
Route #10: 157 93 199 135 175 56 9 
Route #11: 112 2 8 146 121 32 138 111 105 
Route #12: 7 41 60 38 84 90 83 45 
Route #13: 46 184 71 193 151 129 141 191 110 
Route #14: 73 30 34 98 62 194 142 159 102 10 198 
Route #15: 158 50 86 131 160 180 28 75 
Route #16: 72 147 153 166 33 144 186 179 190 
Route #17: 106 85 94 12 19 95 178 23 22 47 82 74 108 
Route #18: 140 57 173 104 6 189 177 127 77 
Route #19: 168 123 139 187 171 122 170 78 119 
Route #20: 117 3 5 133 195 25 116 11 49 27 61 
Route #21: 55 67 150 36 137 80 64 109 182 167 70 107 
Objective: 1634501.7
