Route #1: 101 144 119 166 35 126 71 9 1 99 53 
Route #2: 21 23 182 75 163 194 145 195 52 92 
Route #3: 114 159 38 150 22 151 16 140 187 142 111 63 
Route #4: 113 155 78 175 13 43 2 90 67 39 107 
Route #5: 20 41 85 80 31 25 172 77 110 162 
Route #6: 170 134 50 156 112 168 79 29 87 42 123 133 
Route #7: 118 83 143 176 33 121 165 188 108 
Route #8: 57 82 180 84 191 125 4 72 60 36 
Route #9: 164 66 147 160 47 91 70 
Route #10: 93 55 135 58 184 199 37 81 138 
Route #11: 161 104 18 54 185 132 7 181 117 49 56 
Route #12: 177 3 88 8 186 127 98 157 137 183 
Route #13: 148 103 197 124 141 69 200 
Route #14: 32 171 65 86 115 94 51 174 136 189 
Route #15: 62 131 44 102 146 68 76 
Route #16: 45 178 27 173 154 24 61 100 64 179 109 
Route #17: 30 120 19 192 196 97 14 96 130 28 74 149 
Route #18: 190 5 10 193 46 128 106 167 34 95 158 17 
Route #19: 73 116 12 129 11 6 122 139 
Route #20: 48 26 152 40 153 169 89 105 15 59 198 
Objective: 2254914.5
