Route #1: 142 152 196 184 190 51 111 145 91 126 
Route #2: 180 43 3 136 79 93 193 19 170 146 73 149 187 
Route #3: 89 66 121 144 115 11 71 30 67 
Route #4: 131 156 7 18 68 44 116 83 95 148 102 
Route #5: 54 155 65 125 189 109 101 192 108 117 81 
Route #6: 84 199 118 137 123 13 8 60 75 127 191 
Route #7: 4 92 31 129 22 41 195 158 
Route #8: 140 87 88 105 69 176 113 58 134 17 64 
Route #9: 194 165 85 45 56 38 32 23 114 86 107 
Route #10: 181 35 164 104 25 10 77 122 141 185 175 
Route #11: 169 61 198 167 27 80 179 15 183 24 
Route #12: 182 57 133 147 40 16 98 119 161 72 
Route #13: 153 47 200 103 90 110 178 36 124 48 
Route #14: 9 12 177 99 94 151 160 112 50 157 33 
Route #15: 172 42 197 5 62 159 20 46 138 96 120 63 39 
Route #16: 163 162 135 186 26 2 34 76 1 97 174 
Route #17: 28 6 49 14 132 78 171 130 150 
Route #18: 100 37 59 143 173 188 29 139 21 166 82 154 
Route #19: 128 168 53 74 52 55 106 70 
Objective: 1478067.5
