Route #1: 7 41 14 176 165 124 134 103 101 154 
Route #2: 140 57 173 104 100 136 142 128 10 
Route #3: 157 93 199 135 133 195 180 167 28 75 
Route #4: 1 120 26 123 139 187 170 78 119 
Route #5: 63 44 36 3 5 130 79 156 172 91 
Route #6: 168 92 48 146 121 32 138 90 29 96 174 97 
Route #7: 4 188 184 71 193 151 129 141 191 110 
Route #8: 106 85 94 12 19 95 178 58 23 22 47 82 198 
Route #9: 158 51 143 113 21 126 148 197 
Route #10: 196 13 20 163 6 189 177 127 74 45 24 
Route #11: 87 115 16 162 171 122 17 200 40 59 
Route #12: 149 81 161 2 8 76 181 111 105 
Route #13: 112 30 152 34 98 62 194 118 88 183 83 52 
Route #14: 46 15 54 89 125 114 39 37 164 65 43 
Route #15: 72 147 153 166 175 56 33 144 186 179 190 
Route #16: 55 117 86 131 160 25 116 11 49 27 61 
Route #17: 132 18 50 66 69 31 185 169 53 192 42 
Route #18: 155 67 150 137 68 80 64 109 182 9 70 107 
Route #19: 73 145 35 60 99 38 84 159 102 77 108 
Objective: 1401743.2
