Route #1: 153 47 200 103 93 73 193 19 170 146 149 63 187 
Route #2: 4 31 117 23 52 106 22 70 195 67 
Route #3: 54 155 121 144 115 11 71 75 127 191 
Route #4: 140 87 88 105 118 137 123 13 8 60 1 97 174 
Route #5: 66 9 12 59 143 188 173 157 112 50 81 82 
Route #6: 163 42 172 46 159 20 138 135 120 
Route #7: 84 199 176 69 113 58 134 17 30 64 
Route #8: 182 57 133 147 40 16 98 119 161 72 
Route #9: 100 37 177 65 99 151 160 109 189 125 33 
Route #10: 181 77 35 164 104 25 10 122 141 185 2 
Route #11: 162 197 5 62 26 186 96 34 76 175 
Route #12: 128 168 94 53 192 101 74 55 194 
Route #13: 131 7 68 18 183 180 136 79 39 
Route #14: 154 165 85 45 56 108 38 32 114 86 107 
Route #15: 28 6 49 14 132 78 171 130 150 
Route #16: 89 29 139 21 166 129 41 158 92 
Route #17: 24 156 102 196 190 51 111 145 27 126 
Route #18: 3 43 36 110 44 90 116 83 95 148 184 
Route #19: 142 169 152 167 61 198 91 80 15 179 178 124 48 
Objective: 1400211.8
