Route #1: 48 180 124 43 3 136 79 73 93 193 19 146 
Route #2: 165 85 45 56 108 38 32 74 52 81 107 
Route #3: 131 156 179 7 68 111 198 91 80 126 70 
Route #4: 142 24 196 184 190 27 51 44 110 178 
Route #5: 162 63 149 170 20 46 138 186 135 96 120 39 
Route #6: 53 168 99 94 151 160 109 189 125 157 
Route #7: 172 5 62 26 159 2 34 76 175 
Route #8: 163 28 6 49 14 132 78 171 130 187 150 
Route #9: 54 155 144 71 137 123 13 8 60 1 97 
Route #10: 100 37 177 128 65 112 192 101 50 33 66 
Route #11: 9 12 59 143 89 173 188 29 139 21 166 82 
Route #12: 84 199 127 118 105 69 176 113 191 58 134 174 
Route #13: 140 88 87 17 30 64 67 
Route #14: 4 195 31 23 117 114 86 129 55 
Route #15: 92 102 15 18 183 121 115 11 75 
Route #16: 182 57 133 147 40 16 98 119 161 72 
Route #17: 42 197 181 35 164 104 25 10 77 122 141 185 
Route #18: 153 47 200 103 90 95 145 116 83 148 36 
Route #19: 169 152 167 61 106 22 41 194 158 154 
Objective: 1400497.5
