Route #1: 148 103 197 124 141 69 200 162 109 
Route #2: 164 66 147 160 47 91 70 
Route #3: 73 116 12 129 11 6 122 139 
Route #4: 30 120 19 192 146 97 14 96 130 28 74 149 
Route #5: 161 104 18 54 185 132 7 181 117 49 135 
Route #6: 177 3 88 8 186 127 98 157 55 
Route #7: 93 78 13 43 2 90 67 39 107 
Route #8: 62 131 44 58 184 199 37 81 138 137 183 
Route #9: 113 118 83 143 176 33 121 165 188 108 17 
Route #10: 45 178 27 173 154 24 61 100 64 68 102 76 
Route #11: 20 41 85 80 31 25 172 77 110 179 
Route #12: 57 60 180 84 191 125 4 82 72 36 
Route #13: 114 159 38 150 22 151 16 140 187 142 111 63 56 
Route #14: 101 144 119 166 35 126 71 9 1 99 53 
Route #15: 170 134 50 156 112 168 79 29 87 42 123 133 
Route #16: 190 5 10 193 46 128 106 167 34 95 158 175 155 
Route #17: 21 23 182 75 163 194 145 195 52 92 
Route #18: 48 26 152 40 153 169 89 105 15 59 198 196 
Route #19: 32 171 65 86 115 94 51 174 136 189 
Objective: 1443011.9
